.Random.seed <-
c(403L, 212L, 1750298819L, -1804798648L, 468876308L, -383974849L, 
-494668385L, 422738540L, 1043173219L, 705254183L, 108350647L, 
-411525098L, 530790166L, -1484228453L, 1617020467L, -1807117163L, 
1369065167L, -216274482L, 1411666465L, -927148818L, 192327567L, 
998069049L, 401324069L, -658353620L, -696836043L, -1031868622L, 
51707658L, 1862994378L, 1237847967L, 1576427080L, -2037324141L, 
563417547L, 531244382L, 754466506L, -1730557718L, 1908253542L, 
1323457272L, -1459672115L, 1523096032L, -1863944564L, 1831962311L, 
-120481876L, -737511712L, -1209417207L, -1233648945L, -1834241674L, 
356504271L, -504116275L, 585882852L, 475383310L, 2095185891L, 
-1393506307L, -1820439635L, 1636220097L, -477949948L, -1586416233L, 
717491276L, -1925129157L, -746142162L, 290687825L, -1868713456L, 
-1000496646L, 593817912L, 906142526L, -1993342111L, 1531152348L, 
1016180617L, -1861740465L, -1566717370L, 2058294098L, 1217890926L, 
368338324L, -2048574225L, -603083677L, -1447401071L, 872918746L, 
1429499553L, -1047196738L, -1555563250L, -1792413634L, 539560287L, 
-1642324855L, 1387769785L, -1614387608L, 1535007578L, 1304322761L, 
2110418774L, 894292034L, -787916789L, 340219408L, -1563756730L, 
-1511810012L, 1912416529L, -1043481356L, 193843694L, -1259152302L, 
1440998323L, 2103073748L, -1669597181L, -1496518387L, -815383645L, 
1076471674L, -1240906613L, 751098632L, -1866112487L, 1091164964L, 
363478867L, -367825987L, -477254936L, -373872362L, 934738185L, 
-1928469502L, -317274164L, 1304765768L, -631328656L, 420869113L, 
1907768400L, -1826448320L, -1143293494L, 160128980L, -1271724412L, 
-523028079L, -1917300319L, -323841973L, 2075059421L, 1434427720L, 
-1975686760L, 572529732L, 1273216597L, -1319020754L, -1572206474L, 
1092874357L, -2117459852L, 1440042089L, -1721324656L, 96278175L, 
1104381494L, 638886560L, -985665790L, -362959510L, 714810155L, 
1802621135L, 68404955L, 1540150503L, 1517413529L, -2063692533L, 
1461770675L, -877028045L, 920538263L, -1555527993L, 1456081997L, 
-1878117936L, 642134092L, 1041821267L, 30048842L, -67882890L, 
-186677868L, 685292847L, 1770501568L, 463038756L, 1267191288L, 
-892782905L, -145659078L, -1713646760L, -385641001L, 543620033L, 
-52275789L, 1101059812L, -436689425L, 1725246905L, -1346917255L, 
-1529850969L, -1830738133L, -390045705L, -61143692L, 1476630842L, 
-640254181L, -452868299L, 461216042L, -1039237608L, -666917542L, 
-2038139929L, 2034043151L, -928035571L, 1150822391L, -732240498L, 
1056398513L, 581960952L, 1745589715L, -1681096869L, -771558126L, 
1542474774L, -710702488L, -1960575563L, 633052516L, -1369295797L, 
-1964459248L, 350508381L, -1507266198L, -1666710867L, -1143658142L, 
-2050841859L, 826394019L, -1656962611L, 289898042L, 1090131518L, 
2112935453L, -42918472L, -1885145058L, 39210864L, -1707844343L, 
-1559951837L, -33948979L, 1220710287L, 721013493L, 82719963L, 
-1008764758L, 1093675783L, 105733259L, 1590335343L, 832738213L, 
2058763066L, 1955796776L, -878791529L, -299393442L, -1515035959L, 
-1999133157L, 181105091L, -1444934054L, 75652313L, -247918382L, 
-644226007L, -761140566L, 1265899220L, 900084911L, 267284439L, 
-722401542L, 77035379L, -1153780148L, 2045113097L, -2043441628L, 
1817336359L, 1924470706L, -2007873393L, 1492743568L, 1351145263L, 
-48215273L, 650951144L, -948984907L, -907567748L, 373312458L, 
-1895066238L, 885248518L, -1633443893L, -325005917L, 2017502974L, 
864322015L, 1629205186L, 1449973654L, 1735442739L, -1454842973L, 
1305267306L, 1815849937L, 1898590246L, -454268793L, 555626849L, 
1784452068L, -1344674169L, 524655885L, 756656477L, 1005139869L, 
-458668333L, -1942663962L, -1610548871L, 845470953L, 127296332L, 
-557722673L, -2118251385L, 456883704L, 1078797672L, -419257532L, 
-266952115L, 895727938L, 785385660L, -250584525L, 169647677L, 
1676871139L, 163246824L, 310008855L, 1178927155L, -1197656214L, 
-131590632L, 709471056L, 1643300461L, 357843507L, -135209341L, 
-161104277L, -2139818665L, -716180817L, 1952755616L, 177675144L, 
-280636983L, 1209298236L, -1342048467L, -1684991814L, 1773151056L, 
1730861907L, 1533099092L, -1747423045L, 252165919L, 278922133L, 
1849956804L, -1109756843L, 1970396529L, 1880727211L, -408827042L, 
-1953449790L, 577129842L, 200369138L, -1342497404L, -1900211381L, 
-631770353L, 943718841L, -1601839010L, -795993281L, -740352675L, 
882001961L, -375423041L, 867597821L, -1982449916L, 1799920091L, 
-62170587L, -1107270068L, 1408112664L, 2081923789L, 1335705135L, 
1879440265L, -1952913347L, -885836894L, -792964698L, 1417377892L, 
-1955287228L, -1880048811L, -1763555293L, 876878829L, -1440821971L, 
-369675839L, -260963937L, 479741947L, 302639688L, -197304379L, 
-2000988266L, 1802988011L, -1762920647L, 1819567811L, -1829103659L, 
-1649765974L, 1571430302L, 1039926425L, -615110229L, 556296045L, 
-528685600L, 1984038776L, 1809312663L, 152101471L, 1603118505L, 
-384837583L, 758876007L, -1802343337L, -304408438L, -271673603L, 
-1973835810L, 1412568313L, 1640412604L, 1010388819L, 529716061L, 
-1786493921L, 400886034L, -1926869144L, -1703158444L, 2003386521L, 
546021943L, -1367837242L, 502058292L, -314012435L, 1118430705L, 
-964944386L, 1222937312L, -2076463530L, 230708763L, -1971819071L, 
-1409973869L, 1477187543L, 1225370189L, 1506816577L, 1396906502L, 
-141790941L, -1993340294L, -771983171L, 1171126775L, -967024608L, 
-698864672L, 361484707L, -1451490596L, 751628295L, 1393761758L, 
-1256960048L, 1202578481L, -1879578545L, 362703822L, 337353851L, 
872391761L, 1224449220L, 1922248596L, 127505833L, 78767222L, 
-1577289540L, -960753257L, -1234592693L, -1276597425L, -1794073675L, 
-591720439L, -594650051L, 1439245029L, -1201844638L, -1445783926L, 
590093140L, 1663769600L, -1873835401L, -48054783L, 251235826L, 
782147067L, 811083133L, 820124167L, 1106683311L, -1662039980L, 
1705260108L, 1483246393L, 1269805086L, -141467327L, -1688411846L, 
1080803309L, -1005357800L, -1567049613L, -1843715380L, 919896001L, 
-401781257L, 653173332L, -1344284565L, 951128542L, -1799849327L, 
-300363344L, -910909299L, -549109854L, -6456849L, 2054083648L, 
526496282L, 2131385398L, 702023167L, -1373414634L, 93335841L, 
-1628554016L, 857687340L, -858740439L, -63379993L, 1743264447L, 
-1212391642L, 366756495L, -221552310L, -985219355L, 1020167966L, 
-29090848L, -927889467L, -2120261591L, 1877040054L, 457309193L, 
-466213087L, -1544460017L, -976186329L, -1989911180L, 668165146L, 
1957404154L, 1242409498L, -436317446L, -1698652472L, -1996434968L, 
1314540650L, -695346427L, 1025024233L, 171360318L, 1246461103L, 
-188809689L, 292591241L, 1439821443L, 1465441856L, -1859650857L, 
-1578902073L, -2135316610L, -1828757648L, 364840289L, 1239343404L, 
-1980958974L, 480534017L, 801939042L, -1307092699L, -905223046L, 
-1907870460L, -198808821L, -1634510070L, 1461180534L, -1764043258L, 
351059624L, -1631889985L, 1602720928L, -73743597L, -2049087003L, 
906270934L, 347680100L, 1569362133L, -221797473L, -1679498924L, 
1080675037L, -1011290859L, -1425572926L, 307995484L, -1158172310L, 
2139431792L, 2028575090L, 1361383989L, 1794238004L, 232533627L, 
1325478389L, -407364293L, 1656498232L, 702674924L, -742726162L, 
-907302986L, 1212692148L, 2027312353L, 1321457633L, -1873545713L, 
1882833391L, -970399907L, -1029574365L, 757863544L, 1168659242L, 
1427184089L, 898580040L, -768362068L, 25270575L, -1325395859L, 
1560249453L, -1353074207L, 1898133849L, -1865970345L, -1092203292L, 
216229076L, -863534971L, -1804972671L, 2135342667L, 451971888L, 
-1160025659L, -121381462L, -1142365157L, 290079336L, -2099773075L, 
-103384778L, 1195992193L, 347566393L, 650351792L, -1950966388L, 
1087322314L, -523439946L, -1370513778L, -2100192597L, 1831508046L, 
-874599197L, -1660996010L, 620403653L, 1342415639L, -1178712823L, 
-518552857L, -286049979L, -252828308L, -689659726L, 1849987783L, 
2063458970L, 2096148654L, 1804122929L, 1247534253L, -988683037L, 
562920496L, 1794620233L, 192712004L, -154159971L, -1911800827L, 
1859398459L, 460121550L, -217760280L, 865997809L, -2087942463L, 
